[3, 13, 14, 8]
[3, 13, 14, 21]
[2, 3, 13, 14]
[3, 13, 14]
[3, 13, 14, 20, 11]
[3, 13, 14, 17, 11]
[3, 13, 14, 22, 9, 11]
[3, 13, 14, 9, 11]
[3, 13, 14, 7, 11]
[3, 13, 14, 11]
[3, 13, 14, 16, 11]
[3, 13, 14, 9, 22, 11]
[3, 13, 14, 22, 11]
[1, 3, 13, 14]
[3, 13, 14, 17, 11, 20, 4]
[3, 13, 14, 22, 9, 11, 20, 4]
[3, 13, 14, 9, 11, 20, 4]
[3, 13, 14, 7, 11, 20, 4]
[3, 13, 14, 11, 20, 4]
[3, 13, 14, 16, 11, 20, 4]
[3, 13, 14, 9, 22, 11, 20, 4]
[3, 13, 14, 22, 11, 20, 4]
[3, 13, 14, 20, 4]
[3, 13, 14, 17, 11, 20]
[3, 13, 14, 22, 9, 11, 20]
[3, 13, 14, 9, 11, 20]
[3, 13, 14, 7, 11, 20]
[3, 13, 14, 11, 20]
[3, 13, 14, 16, 11, 20]
[3, 13, 14, 9, 22, 11, 20]
[3, 13, 14, 22, 11, 20]
[3, 13, 14, 20]
[3, 13, 14, 18]
[3, 13, 14, 6]
[3, 13, 14, 17, 11, 20, 19]
[3, 13, 14, 22, 9, 11, 20, 19]
[3, 13, 14, 9, 11, 20, 19]
[3, 13, 14, 7, 11, 20, 19]
[3, 13, 14, 11, 20, 19]
[3, 13, 14, 16, 11, 20, 19]
[3, 13, 14, 9, 22, 11, 20, 19]
[3, 13, 14, 22, 11, 20, 19]
[3, 13, 14, 20, 19]
[3, 13, 14, 12]
[3, 13, 14, 15]
[3, 13, 14, 10]
[3, 13, 14, 17, 11, 20, 5]
[3, 13, 14, 22, 9, 11, 20, 5]
[3, 13, 14, 9, 11, 20, 5]
[3, 13, 14, 7, 11, 20, 5]
[3, 13, 14, 11, 20, 5]
[3, 13, 14, 16, 11, 20, 5]
[3, 13, 14, 9, 22, 11, 20, 5]
[3, 13, 14, 22, 11, 20, 5]
[3, 13, 14, 20, 5]
[3, 13, 14, 20, 11, 9, 22]
[3, 13, 14, 17, 11, 9, 22]
[3, 13, 14, 7, 11, 9, 22]
[3, 13, 14, 11, 9, 22]
[3, 13, 14, 16, 11, 9, 22]
[3, 13, 14, 9, 22]
[3, 13, 14, 22]
[3, 13, 14, 20, 11, 22]
[3, 13, 14, 17, 11, 22]
[3, 13, 14, 9, 11, 22]
[3, 13, 14, 7, 11, 22]
[3, 13, 14, 11, 22]
[3, 13, 14, 16, 11, 22]
[3, 13, 14, 23]
[3, 14, 8]
[3, 15, 14, 8]
[2, 14, 8, 3]
[3, 20, 11, 16, 14, 8]
[3, 5, 20, 11, 16, 14, 8]
[3, 19, 20, 11, 16, 14, 8]
[3, 4, 20, 11, 16, 14, 8]
[3, 11, 16, 14, 8]
[3, 22, 9, 11, 16, 14, 8]
[3, 22, 11, 16, 14, 8]
[3, 11, 20, 14, 8]
[3, 22, 9, 11, 20, 14, 8]
[3, 22, 11, 20, 14, 8]
[3, 20, 14, 8]
[3, 5, 20, 14, 8]
[3, 19, 20, 14, 8]
[3, 4, 20, 14, 8]
[3, 20, 11, 7, 14, 8]
[3, 5, 20, 11, 7, 14, 8]
[3, 19, 20, 11, 7, 14, 8]
[3, 4, 20, 11, 7, 14, 8]
[3, 11, 7, 14, 8]
[3, 22, 9, 11, 7, 14, 8]
[3, 22, 11, 7, 14, 8]
[3, 20, 11, 9, 22, 14, 8]
[3, 5, 20, 11, 9, 22, 14, 8]
[3, 19, 20, 11, 9, 22, 14, 8]
[3, 4, 20, 11, 9, 22, 14, 8]
[3, 11, 9, 22, 14, 8]
[3, 20, 11, 22, 14, 8]
[3, 5, 20, 11, 22, 14, 8]
[3, 19, 20, 11, 22, 14, 8]
[3, 4, 20, 11, 22, 14, 8]
[3, 11, 22, 14, 8]
[3, 22, 14, 8]
[3, 23, 14, 8]
[3, 20, 11, 17, 14, 8]
[3, 5, 20, 11, 17, 14, 8]
[3, 19, 20, 11, 17, 14, 8]
[3, 4, 20, 11, 17, 14, 8]
[3, 11, 17, 14, 8]
[3, 22, 9, 11, 17, 14, 8]
[3, 22, 11, 17, 14, 8]
[3, 12, 14, 8]
[3, 6, 14, 8]
[3, 20, 11, 14, 8]
[3, 5, 20, 11, 14, 8]
[3, 19, 20, 11, 14, 8]
[3, 4, 20, 11, 14, 8]
[3, 11, 14, 8]
[3, 22, 9, 11, 14, 8]
[3, 22, 11, 14, 8]
[1, 14, 8, 3]
[3, 18, 14, 8]
[3, 21, 14, 8]
[3, 10, 14, 8]
[3, 20, 11, 22, 9, 14, 8]
[3, 5, 20, 11, 22, 9, 14, 8]
[3, 19, 20, 11, 22, 9, 14, 8]
[3, 4, 20, 11, 22, 9, 14, 8]
[3, 11, 22, 9, 14, 8]
[3, 22, 9, 14, 8]
[3, 20, 11, 9, 14, 8]
[3, 5, 20, 11, 9, 14, 8]
[3, 19, 20, 11, 9, 14, 8]
[3, 4, 20, 11, 9, 14, 8]
[3, 11, 9, 14, 8]
[3, 22, 11, 9, 14, 8]
[3, 14, 21]
[3, 15, 14, 21]
[2, 14, 21, 3]
[3, 20, 11, 16, 14, 21]
[3, 5, 20, 11, 16, 14, 21]
[3, 19, 20, 11, 16, 14, 21]
[3, 4, 20, 11, 16, 14, 21]
[3, 11, 16, 14, 21]
[3, 22, 9, 11, 16, 14, 21]
[3, 22, 11, 16, 14, 21]
[3, 11, 20, 14, 21]
[3, 22, 9, 11, 20, 14, 21]
[3, 22, 11, 20, 14, 21]
[3, 20, 14, 21]
[3, 5, 20, 14, 21]
[3, 19, 20, 14, 21]
[3, 4, 20, 14, 21]
[3, 20, 11, 7, 14, 21]
[3, 5, 20, 11, 7, 14, 21]
[3, 19, 20, 11, 7, 14, 21]
[3, 4, 20, 11, 7, 14, 21]
[3, 11, 7, 14, 21]
[3, 22, 9, 11, 7, 14, 21]
[3, 22, 11, 7, 14, 21]
[3, 20, 11, 9, 22, 14, 21]
[3, 5, 20, 11, 9, 22, 14, 21]
[3, 19, 20, 11, 9, 22, 14, 21]
[3, 4, 20, 11, 9, 22, 14, 21]
[3, 11, 9, 22, 14, 21]
[3, 20, 11, 22, 14, 21]
[3, 5, 20, 11, 22, 14, 21]
[3, 19, 20, 11, 22, 14, 21]
[3, 4, 20, 11, 22, 14, 21]
[3, 11, 22, 14, 21]
[3, 22, 14, 21]
[3, 23, 14, 21]
[3, 20, 11, 17, 14, 21]
[3, 5, 20, 11, 17, 14, 21]
[3, 19, 20, 11, 17, 14, 21]
[3, 4, 20, 11, 17, 14, 21]
[3, 11, 17, 14, 21]
[3, 22, 9, 11, 17, 14, 21]
[3, 22, 11, 17, 14, 21]
[3, 12, 14, 21]
[3, 6, 14, 21]
[3, 20, 11, 14, 21]
[3, 5, 20, 11, 14, 21]
[3, 19, 20, 11, 14, 21]
[3, 4, 20, 11, 14, 21]
[3, 11, 14, 21]
[3, 22, 9, 11, 14, 21]
[3, 22, 11, 14, 21]
[1, 14, 21, 3]
[3, 18, 14, 21]
[3, 10, 14, 21]
[3, 20, 11, 22, 9, 14, 21]
[3, 5, 20, 11, 22, 9, 14, 21]
[3, 19, 20, 11, 22, 9, 14, 21]
[3, 4, 20, 11, 22, 9, 14, 21]
[3, 11, 22, 9, 14, 21]
[3, 22, 9, 14, 21]
[3, 20, 11, 9, 14, 21]
[3, 5, 20, 11, 9, 14, 21]
[3, 19, 20, 11, 9, 14, 21]
[3, 4, 20, 11, 9, 14, 21]
[3, 11, 9, 14, 21]
[3, 22, 11, 9, 14, 21]
[2, 3, 14]
[2, 3, 15, 14]
[2, 3, 20, 11, 16, 14]
[2, 3, 5, 20, 11, 16, 14]
[2, 3, 19, 20, 11, 16, 14]
[2, 3, 4, 20, 11, 16, 14]
[2, 3, 11, 16, 14]
[2, 3, 22, 9, 11, 16, 14]
[2, 3, 22, 11, 16, 14]
[2, 3, 11, 20, 14]
[2, 3, 22, 9, 11, 20, 14]
[2, 3, 22, 11, 20, 14]
[2, 3, 20, 14]
[2, 3, 5, 20, 14]
[2, 3, 19, 20, 14]
[2, 3, 4, 20, 14]
[2, 3, 20, 11, 7, 14]
[2, 3, 5, 20, 11, 7, 14]
[2, 3, 19, 20, 11, 7, 14]
[2, 3, 4, 20, 11, 7, 14]
[2, 3, 11, 7, 14]
[2, 3, 22, 9, 11, 7, 14]
[2, 3, 22, 11, 7, 14]
[2, 3, 20, 11, 9, 22, 14]
[2, 3, 5, 20, 11, 9, 22, 14]
[2, 3, 19, 20, 11, 9, 22, 14]
[2, 3, 4, 20, 11, 9, 22, 14]
[2, 3, 11, 9, 22, 14]
[2, 3, 20, 11, 22, 14]
[2, 3, 5, 20, 11, 22, 14]
[2, 3, 19, 20, 11, 22, 14]
[2, 3, 4, 20, 11, 22, 14]
[2, 3, 11, 22, 14]
[2, 3, 22, 14]
[2, 3, 23, 14]
[2, 3, 20, 11, 17, 14]
[2, 3, 5, 20, 11, 17, 14]
[2, 3, 19, 20, 11, 17, 14]
[2, 3, 4, 20, 11, 17, 14]
[2, 3, 11, 17, 14]
[2, 3, 22, 9, 11, 17, 14]
[2, 3, 22, 11, 17, 14]
[2, 3, 12, 14]
[2, 3, 6, 14]
[2, 3, 20, 11, 14]
[2, 3, 5, 20, 11, 14]
[2, 3, 19, 20, 11, 14]
[2, 3, 4, 20, 11, 14]
[2, 3, 11, 14]
[2, 3, 22, 9, 11, 14]
[2, 3, 22, 11, 14]
[1, 14, 2, 3]
[2, 3, 18, 14]
[2, 3, 10, 14]
[2, 3, 20, 11, 22, 9, 14]
[2, 3, 5, 20, 11, 22, 9, 14]
[2, 3, 19, 20, 11, 22, 9, 14]
[2, 3, 4, 20, 11, 22, 9, 14]
[2, 3, 11, 22, 9, 14]
[2, 3, 22, 9, 14]
[2, 3, 20, 11, 9, 14]
[2, 3, 5, 20, 11, 9, 14]
[2, 3, 19, 20, 11, 9, 14]
[2, 3, 4, 20, 11, 9, 14]
[2, 3, 11, 9, 14]
[2, 3, 22, 11, 9, 14]
[3, 15, 14]
[3, 20, 11, 16, 14]
[3, 5, 20, 11, 16, 14]
[3, 19, 20, 11, 16, 14]
[3, 4, 20, 11, 16, 14]
[3, 11, 16, 14]
[3, 22, 9, 11, 16, 14]
[3, 22, 11, 16, 14]
[3, 11, 20, 14]
[3, 22, 9, 11, 20, 14]
[3, 22, 11, 20, 14]
[3, 20, 14]
[3, 5, 20, 14]
[3, 19, 20, 14]
[3, 4, 20, 14]
[3, 20, 11, 7, 14]
[3, 5, 20, 11, 7, 14]
[3, 19, 20, 11, 7, 14]
[3, 4, 20, 11, 7, 14]
[3, 11, 7, 14]
[3, 22, 9, 11, 7, 14]
[3, 22, 11, 7, 14]
[3, 20, 11, 9, 22, 14]
[3, 5, 20, 11, 9, 22, 14]
[3, 19, 20, 11, 9, 22, 14]
[3, 4, 20, 11, 9, 22, 14]
[3, 11, 9, 22, 14]
[3, 20, 11, 22, 14]
[3, 5, 20, 11, 22, 14]
[3, 19, 20, 11, 22, 14]
[3, 4, 20, 11, 22, 14]
[3, 11, 22, 14]
[3, 22, 14]
[3, 23, 14]
[3, 20, 11, 17, 14]
[3, 5, 20, 11, 17, 14]
[3, 19, 20, 11, 17, 14]
[3, 4, 20, 11, 17, 14]
[3, 11, 17, 14]
[3, 22, 9, 11, 17, 14]
[3, 22, 11, 17, 14]
[3, 12, 14]
[3, 6, 14]
[3, 20, 11, 14]
[3, 5, 20, 11, 14]
[3, 19, 20, 11, 14]
[3, 4, 20, 11, 14]
[3, 11, 14]
[3, 22, 9, 11, 14]
[3, 22, 11, 14]
[1, 14, 3]
[3, 18, 14]
[3, 10, 14]
[3, 20, 11, 22, 9, 14]
[3, 5, 20, 11, 22, 9, 14]
[3, 19, 20, 11, 22, 9, 14]
[3, 4, 20, 11, 22, 9, 14]
[3, 11, 22, 9, 14]
[3, 22, 9, 14]
[3, 20, 11, 9, 14]
[3, 5, 20, 11, 9, 14]
[3, 19, 20, 11, 9, 14]
[3, 4, 20, 11, 9, 14]
[3, 11, 9, 14]
[3, 22, 11, 9, 14]
[3, 15, 14, 20, 11]
[3, 22, 14, 20, 11]
[3, 23, 14, 20, 11]
[3, 12, 14, 20, 11]
[3, 6, 14, 20, 11]
[1, 14, 20, 11, 3]
[3, 18, 14, 20, 11]
[3, 10, 14, 20, 11]
[3, 22, 9, 14, 20, 11]
[3, 20, 11]
[3, 5, 20, 11]
[3, 19, 20, 11]
[3, 4, 20, 11]
[3, 15, 14, 17, 11]
[3, 20, 14, 17, 11]
[3, 5, 20, 14, 17, 11]
[3, 19, 20, 14, 17, 11]
[3, 4, 20, 14, 17, 11]
[3, 22, 14, 17, 11]
[3, 23, 14, 17, 11]
[3, 12, 14, 17, 11]
[3, 6, 14, 17, 11]
[1, 14, 17, 11, 3]
[3, 18, 14, 17, 11]
[3, 10, 14, 17, 11]
[3, 22, 9, 14, 17, 11]
[3, 15, 14, 22, 9, 11]
[3, 20, 14, 22, 9, 11]
[3, 5, 20, 14, 22, 9, 11]
[3, 19, 20, 14, 22, 9, 11]
[3, 4, 20, 14, 22, 9, 11]
[3, 23, 14, 22, 9, 11]
[3, 12, 14, 22, 9, 11]
[3, 6, 14, 22, 9, 11]
[1, 14, 22, 9, 11, 3]
[3, 18, 14, 22, 9, 11]
[3, 10, 14, 22, 9, 11]
[3, 22, 9, 11]
[3, 15, 14, 9, 11]
[3, 20, 14, 9, 11]
[3, 5, 20, 14, 9, 11]
[3, 19, 20, 14, 9, 11]
[3, 4, 20, 14, 9, 11]
[3, 22, 14, 9, 11]
[3, 23, 14, 9, 11]
[3, 12, 14, 9, 11]
[3, 6, 14, 9, 11]
[1, 14, 9, 11, 3]
[3, 18, 14, 9, 11]
[3, 10, 14, 9, 11]
[3, 15, 14, 7, 11]
[3, 20, 14, 7, 11]
[3, 5, 20, 14, 7, 11]
[3, 19, 20, 14, 7, 11]
[3, 4, 20, 14, 7, 11]
[3, 22, 14, 7, 11]
[3, 23, 14, 7, 11]
[3, 12, 14, 7, 11]
[3, 6, 14, 7, 11]
[1, 14, 7, 11, 3]
[3, 18, 14, 7, 11]
[3, 10, 14, 7, 11]
[3, 22, 9, 14, 7, 11]
[3, 15, 14, 11]
[3, 20, 14, 11]
[3, 5, 20, 14, 11]
[3, 19, 20, 14, 11]
[3, 4, 20, 14, 11]
[3, 22, 14, 11]
[3, 23, 14, 11]
[3, 12, 14, 11]
[3, 6, 14, 11]
[1, 14, 11, 3]
[3, 18, 14, 11]
[3, 10, 14, 11]
[3, 22, 9, 14, 11]
[3, 15, 14, 16, 11]
[3, 20, 14, 16, 11]
[3, 5, 20, 14, 16, 11]
[3, 19, 20, 14, 16, 11]
[3, 4, 20, 14, 16, 11]
[3, 22, 14, 16, 11]
[3, 23, 14, 16, 11]
[3, 12, 14, 16, 11]
[3, 6, 14, 16, 11]
[1, 14, 16, 11, 3]
[3, 18, 14, 16, 11]
[3, 10, 14, 16, 11]
[3, 22, 9, 14, 16, 11]
[3, 15, 14, 9, 22, 11]
[3, 20, 14, 9, 22, 11]
[3, 5, 20, 14, 9, 22, 11]
[3, 19, 20, 14, 9, 22, 11]
[3, 4, 20, 14, 9, 22, 11]
[3, 23, 14, 9, 22, 11]
[3, 12, 14, 9, 22, 11]
[3, 6, 14, 9, 22, 11]
[1, 14, 9, 22, 11, 3]
[3, 18, 14, 9, 22, 11]
[3, 10, 14, 9, 22, 11]
[3, 15, 14, 22, 11]
[3, 20, 14, 22, 11]
[3, 5, 20, 14, 22, 11]
[3, 19, 20, 14, 22, 11]
[3, 4, 20, 14, 22, 11]
[3, 23, 14, 22, 11]
[3, 12, 14, 22, 11]
[3, 6, 14, 22, 11]
[1, 14, 22, 11, 3]
[3, 18, 14, 22, 11]
[3, 10, 14, 22, 11]
[3, 22, 11]
[1, 3, 15, 14]
[1, 3, 20, 11, 16, 14]
[1, 3, 5, 20, 11, 16, 14]
[1, 3, 19, 20, 11, 16, 14]
[1, 3, 4, 20, 11, 16, 14]
[1, 3, 22, 9, 11, 16, 14]
[1, 3, 22, 11, 16, 14]
[1, 3, 22, 9, 11, 20, 14]
[1, 3, 22, 11, 20, 14]
[1, 3, 20, 14]
[1, 3, 5, 20, 14]
[1, 3, 19, 20, 14]
[1, 3, 4, 20, 14]
[1, 3, 20, 11, 7, 14]
[1, 3, 5, 20, 11, 7, 14]
[1, 3, 19, 20, 11, 7, 14]
[1, 3, 4, 20, 11, 7, 14]
[1, 3, 22, 9, 11, 7, 14]
[1, 3, 22, 11, 7, 14]
[1, 3, 20, 11, 9, 22, 14]
[1, 3, 5, 20, 11, 9, 22, 14]
[1, 3, 19, 20, 11, 9, 22, 14]
[1, 3, 4, 20, 11, 9, 22, 14]
[1, 3, 20, 11, 22, 14]
[1, 3, 5, 20, 11, 22, 14]
[1, 3, 19, 20, 11, 22, 14]
[1, 3, 4, 20, 11, 22, 14]
[1, 3, 22, 14]
[1, 3, 23, 14]
[1, 3, 20, 11, 17, 14]
[1, 3, 5, 20, 11, 17, 14]
[1, 3, 19, 20, 11, 17, 14]
[1, 3, 4, 20, 11, 17, 14]
[1, 3, 22, 9, 11, 17, 14]
[1, 3, 22, 11, 17, 14]
[1, 3, 12, 14]
[1, 3, 6, 14]
[1, 3, 20, 11, 14]
[1, 3, 5, 20, 11, 14]
[1, 3, 19, 20, 11, 14]
[1, 3, 4, 20, 11, 14]
[1, 3, 22, 9, 11, 14]
[1, 3, 22, 11, 14]
[1, 3, 18, 14]
[1, 3, 10, 14]
[1, 3, 20, 11, 22, 9, 14]
[1, 3, 5, 20, 11, 22, 9, 14]
[1, 3, 19, 20, 11, 22, 9, 14]
[1, 3, 4, 20, 11, 22, 9, 14]
[1, 3, 22, 9, 14]
[1, 3, 20, 11, 9, 14]
[1, 3, 5, 20, 11, 9, 14]
[1, 3, 19, 20, 11, 9, 14]
[1, 3, 4, 20, 11, 9, 14]
[1, 3, 22, 11, 9, 14]
[3, 15, 14, 17, 11, 20, 4]
[3, 22, 14, 17, 11, 20, 4]
[3, 23, 14, 17, 11, 20, 4]
[3, 12, 14, 17, 11, 20, 4]
[3, 6, 14, 17, 11, 20, 4]
[3, 18, 14, 17, 11, 20, 4]
[3, 10, 14, 17, 11, 20, 4]
[3, 22, 9, 14, 17, 11, 20, 4]
[3, 15, 14, 22, 9, 11, 20, 4]
[3, 23, 14, 22, 9, 11, 20, 4]
[3, 12, 14, 22, 9, 11, 20, 4]
[3, 6, 14, 22, 9, 11, 20, 4]
[3, 18, 14, 22, 9, 11, 20, 4]
[3, 10, 14, 22, 9, 11, 20, 4]
[3, 22, 9, 11, 20, 4]
[3, 15, 14, 9, 11, 20, 4]
[3, 22, 14, 9, 11, 20, 4]
[3, 23, 14, 9, 11, 20, 4]
[3, 12, 14, 9, 11, 20, 4]
[3, 6, 14, 9, 11, 20, 4]
[3, 18, 14, 9, 11, 20, 4]
[3, 10, 14, 9, 11, 20, 4]
[3, 15, 14, 7, 11, 20, 4]
[3, 22, 14, 7, 11, 20, 4]
[3, 23, 14, 7, 11, 20, 4]
[3, 12, 14, 7, 11, 20, 4]
[3, 6, 14, 7, 11, 20, 4]
[3, 18, 14, 7, 11, 20, 4]
[3, 10, 14, 7, 11, 20, 4]
[3, 22, 9, 14, 7, 11, 20, 4]
[3, 15, 14, 11, 20, 4]
[3, 22, 14, 11, 20, 4]
[3, 23, 14, 11, 20, 4]
[3, 12, 14, 11, 20, 4]
[3, 6, 14, 11, 20, 4]
[3, 18, 14, 11, 20, 4]
[3, 10, 14, 11, 20, 4]
[3, 22, 9, 14, 11, 20, 4]
[3, 15, 14, 16, 11, 20, 4]
[3, 22, 14, 16, 11, 20, 4]
[3, 23, 14, 16, 11, 20, 4]
[3, 12, 14, 16, 11, 20, 4]
[3, 6, 14, 16, 11, 20, 4]
[3, 18, 14, 16, 11, 20, 4]
[3, 10, 14, 16, 11, 20, 4]
[3, 22, 9, 14, 16, 11, 20, 4]
[3, 15, 14, 9, 22, 11, 20, 4]
[3, 23, 14, 9, 22, 11, 20, 4]
[3, 12, 14, 9, 22, 11, 20, 4]
[3, 6, 14, 9, 22, 11, 20, 4]
[3, 18, 14, 9, 22, 11, 20, 4]
[3, 10, 14, 9, 22, 11, 20, 4]
[3, 15, 14, 22, 11, 20, 4]
[3, 23, 14, 22, 11, 20, 4]
[3, 12, 14, 22, 11, 20, 4]
[3, 6, 14, 22, 11, 20, 4]
[3, 18, 14, 22, 11, 20, 4]
[3, 10, 14, 22, 11, 20, 4]
[3, 22, 11, 20, 4]
[3, 15, 14, 20, 4]
[3, 22, 9, 11, 16, 14, 20, 4]
[3, 22, 11, 16, 14, 20, 4]
[3, 22, 9, 11, 7, 14, 20, 4]
[3, 22, 11, 7, 14, 20, 4]
[3, 22, 14, 20, 4]
[3, 23, 14, 20, 4]
[3, 22, 9, 11, 17, 14, 20, 4]
[3, 22, 11, 17, 14, 20, 4]
[3, 12, 14, 20, 4]
[3, 6, 14, 20, 4]
[3, 22, 9, 11, 14, 20, 4]
[3, 22, 11, 14, 20, 4]
[3, 18, 14, 20, 4]
[3, 10, 14, 20, 4]
[3, 22, 9, 14, 20, 4]
[3, 22, 11, 9, 14, 20, 4]
[3, 20, 4]
[3, 5, 20, 4]
[3, 19, 20, 4]
[3, 15, 14, 17, 11, 20]
[3, 22, 14, 17, 11, 20]
[3, 23, 14, 17, 11, 20]
[3, 12, 14, 17, 11, 20]
[3, 6, 14, 17, 11, 20]
[3, 18, 14, 17, 11, 20]
[3, 10, 14, 17, 11, 20]
[3, 22, 9, 14, 17, 11, 20]
[3, 15, 14, 22, 9, 11, 20]
[3, 23, 14, 22, 9, 11, 20]
[3, 12, 14, 22, 9, 11, 20]
[3, 6, 14, 22, 9, 11, 20]
[3, 18, 14, 22, 9, 11, 20]
[3, 10, 14, 22, 9, 11, 20]
[3, 22, 9, 11, 20]
[3, 15, 14, 9, 11, 20]
[3, 22, 14, 9, 11, 20]
[3, 23, 14, 9, 11, 20]
[3, 12, 14, 9, 11, 20]
[3, 6, 14, 9, 11, 20]
[3, 18, 14, 9, 11, 20]
[3, 10, 14, 9, 11, 20]
[3, 15, 14, 7, 11, 20]
[3, 22, 14, 7, 11, 20]
[3, 23, 14, 7, 11, 20]
[3, 12, 14, 7, 11, 20]
[3, 6, 14, 7, 11, 20]
[3, 18, 14, 7, 11, 20]
[3, 10, 14, 7, 11, 20]
[3, 22, 9, 14, 7, 11, 20]
[3, 15, 14, 11, 20]
[3, 22, 14, 11, 20]
[3, 23, 14, 11, 20]
[3, 12, 14, 11, 20]
[3, 6, 14, 11, 20]
[3, 18, 14, 11, 20]
[3, 10, 14, 11, 20]
[3, 22, 9, 14, 11, 20]
[3, 15, 14, 16, 11, 20]
[3, 22, 14, 16, 11, 20]
[3, 23, 14, 16, 11, 20]
[3, 12, 14, 16, 11, 20]
[3, 6, 14, 16, 11, 20]
[3, 18, 14, 16, 11, 20]
[3, 10, 14, 16, 11, 20]
[3, 22, 9, 14, 16, 11, 20]
[3, 15, 14, 9, 22, 11, 20]
[3, 23, 14, 9, 22, 11, 20]
[3, 12, 14, 9, 22, 11, 20]
[3, 6, 14, 9, 22, 11, 20]
[3, 18, 14, 9, 22, 11, 20]
[3, 10, 14, 9, 22, 11, 20]
[3, 15, 14, 22, 11, 20]
[3, 23, 14, 22, 11, 20]
[3, 12, 14, 22, 11, 20]
[3, 6, 14, 22, 11, 20]
[3, 18, 14, 22, 11, 20]
[3, 10, 14, 22, 11, 20]
[3, 22, 11, 20]
[3, 15, 14, 20]
[3, 22, 9, 11, 16, 14, 20]
[3, 22, 11, 16, 14, 20]
[3, 22, 9, 11, 7, 14, 20]
[3, 22, 11, 7, 14, 20]
[3, 22, 14, 20]
[3, 23, 14, 20]
[3, 22, 9, 11, 17, 14, 20]
[3, 22, 11, 17, 14, 20]
[3, 12, 14, 20]
[3, 6, 14, 20]
[3, 22, 9, 11, 14, 20]
[3, 22, 11, 14, 20]
[3, 18, 14, 20]
[3, 10, 14, 20]
[3, 22, 9, 14, 20]
[3, 22, 11, 9, 14, 20]
[3, 5, 20]
[3, 19, 20]
[3, 15, 14, 18]
[3, 5, 20, 11, 16, 14, 18]
[3, 19, 20, 11, 16, 14, 18]
[3, 22, 9, 11, 16, 14, 18]
[3, 22, 11, 16, 14, 18]
[3, 22, 9, 11, 20, 14, 18]
[3, 22, 11, 20, 14, 18]
[3, 5, 20, 14, 18]
[3, 19, 20, 14, 18]
[3, 5, 20, 11, 7, 14, 18]
[3, 19, 20, 11, 7, 14, 18]
[3, 22, 9, 11, 7, 14, 18]
[3, 22, 11, 7, 14, 18]
[3, 5, 20, 11, 9, 22, 14, 18]
[3, 19, 20, 11, 9, 22, 14, 18]
[3, 5, 20, 11, 22, 14, 18]
[3, 19, 20, 11, 22, 14, 18]
[3, 22, 14, 18]
[3, 23, 14, 18]
[3, 5, 20, 11, 17, 14, 18]
[3, 19, 20, 11, 17, 14, 18]
[3, 22, 9, 11, 17, 14, 18]
[3, 22, 11, 17, 14, 18]
[3, 12, 14, 18]
[3, 6, 14, 18]
[3, 5, 20, 11, 14, 18]
[3, 19, 20, 11, 14, 18]
[3, 22, 9, 11, 14, 18]
[3, 22, 11, 14, 18]
[3, 10, 14, 18]
[3, 5, 20, 11, 22, 9, 14, 18]
[3, 19, 20, 11, 22, 9, 14, 18]
[3, 22, 9, 14, 18]
[3, 5, 20, 11, 9, 14, 18]
[3, 19, 20, 11, 9, 14, 18]
[3, 22, 11, 9, 14, 18]
[3, 15, 14, 6]
[3, 5, 20, 11, 16, 14, 6]
[3, 19, 20, 11, 16, 14, 6]
[3, 22, 9, 11, 16, 14, 6]
[3, 22, 11, 16, 14, 6]
[3, 22, 9, 11, 20, 14, 6]
[3, 22, 11, 20, 14, 6]
[3, 5, 20, 14, 6]
[3, 19, 20, 14, 6]
[3, 5, 20, 11, 7, 14, 6]
[3, 19, 20, 11, 7, 14, 6]
[3, 22, 9, 11, 7, 14, 6]
[3, 22, 11, 7, 14, 6]
[3, 5, 20, 11, 9, 22, 14, 6]
[3, 19, 20, 11, 9, 22, 14, 6]
[3, 5, 20, 11, 22, 14, 6]
[3, 19, 20, 11, 22, 14, 6]
[3, 22, 14, 6]
[3, 23, 14, 6]
[3, 5, 20, 11, 17, 14, 6]
[3, 19, 20, 11, 17, 14, 6]
[3, 22, 9, 11, 17, 14, 6]
[3, 22, 11, 17, 14, 6]
[3, 12, 14, 6]
[3, 5, 20, 11, 14, 6]
[3, 19, 20, 11, 14, 6]
[3, 22, 9, 11, 14, 6]
[3, 22, 11, 14, 6]
[3, 10, 14, 6]
[3, 5, 20, 11, 22, 9, 14, 6]
[3, 19, 20, 11, 22, 9, 14, 6]
[3, 22, 9, 14, 6]
[3, 5, 20, 11, 9, 14, 6]
[3, 19, 20, 11, 9, 14, 6]
[3, 22, 11, 9, 14, 6]
[3, 15, 14, 17, 11, 20, 19]
[3, 22, 14, 17, 11, 20, 19]
[3, 23, 14, 17, 11, 20, 19]
[3, 12, 14, 17, 11, 20, 19]
[3, 10, 14, 17, 11, 20, 19]
[3, 22, 9, 14, 17, 11, 20, 19]
[3, 15, 14, 22, 9, 11, 20, 19]
[3, 23, 14, 22, 9, 11, 20, 19]
[3, 12, 14, 22, 9, 11, 20, 19]
[3, 10, 14, 22, 9, 11, 20, 19]
[3, 22, 9, 11, 20, 19]
[3, 15, 14, 9, 11, 20, 19]
[3, 22, 14, 9, 11, 20, 19]
[3, 23, 14, 9, 11, 20, 19]
[3, 12, 14, 9, 11, 20, 19]
[3, 10, 14, 9, 11, 20, 19]
[3, 15, 14, 7, 11, 20, 19]
[3, 22, 14, 7, 11, 20, 19]
[3, 23, 14, 7, 11, 20, 19]
[3, 12, 14, 7, 11, 20, 19]
[3, 10, 14, 7, 11, 20, 19]
[3, 22, 9, 14, 7, 11, 20, 19]
[3, 15, 14, 11, 20, 19]
[3, 22, 14, 11, 20, 19]
[3, 23, 14, 11, 20, 19]
[3, 12, 14, 11, 20, 19]
[3, 10, 14, 11, 20, 19]
[3, 22, 9, 14, 11, 20, 19]
[3, 15, 14, 16, 11, 20, 19]
[3, 22, 14, 16, 11, 20, 19]
[3, 23, 14, 16, 11, 20, 19]
[3, 12, 14, 16, 11, 20, 19]
[3, 10, 14, 16, 11, 20, 19]
[3, 22, 9, 14, 16, 11, 20, 19]
[3, 15, 14, 9, 22, 11, 20, 19]
[3, 23, 14, 9, 22, 11, 20, 19]
[3, 12, 14, 9, 22, 11, 20, 19]
[3, 10, 14, 9, 22, 11, 20, 19]
[3, 15, 14, 22, 11, 20, 19]
[3, 23, 14, 22, 11, 20, 19]
[3, 12, 14, 22, 11, 20, 19]
[3, 10, 14, 22, 11, 20, 19]
[3, 22, 11, 20, 19]
[3, 15, 14, 20, 19]
[3, 22, 9, 11, 16, 14, 20, 19]
[3, 22, 11, 16, 14, 20, 19]
[3, 22, 9, 11, 7, 14, 20, 19]
[3, 22, 11, 7, 14, 20, 19]
[3, 22, 14, 20, 19]
[3, 23, 14, 20, 19]
[3, 22, 9, 11, 17, 14, 20, 19]
[3, 22, 11, 17, 14, 20, 19]
[3, 12, 14, 20, 19]
[3, 22, 9, 11, 14, 20, 19]
[3, 22, 11, 14, 20, 19]
[3, 10, 14, 20, 19]
[3, 22, 9, 14, 20, 19]
[3, 22, 11, 9, 14, 20, 19]
[3, 5, 20, 19]
[3, 15, 14, 12]
[3, 5, 20, 11, 16, 14, 12]
[3, 22, 9, 11, 16, 14, 12]
[3, 22, 11, 16, 14, 12]
[3, 22, 9, 11, 20, 14, 12]
[3, 22, 11, 20, 14, 12]
[3, 5, 20, 14, 12]
[3, 5, 20, 11, 7, 14, 12]
[3, 22, 9, 11, 7, 14, 12]
[3, 22, 11, 7, 14, 12]
[3, 5, 20, 11, 9, 22, 14, 12]
[3, 5, 20, 11, 22, 14, 12]
[3, 22, 14, 12]
[3, 23, 14, 12]
[3, 5, 20, 11, 17, 14, 12]
[3, 22, 9, 11, 17, 14, 12]
[3, 22, 11, 17, 14, 12]
[3, 5, 20, 11, 14, 12]
[3, 22, 9, 11, 14, 12]
[3, 22, 11, 14, 12]
[3, 10, 14, 12]
[3, 5, 20, 11, 22, 9, 14, 12]
[3, 22, 9, 14, 12]
[3, 5, 20, 11, 9, 14, 12]
[3, 22, 11, 9, 14, 12]
[3, 5, 20, 11, 16, 14, 15]
[3, 22, 9, 11, 16, 14, 15]
[3, 22, 11, 16, 14, 15]
[3, 22, 9, 11, 20, 14, 15]
[3, 22, 11, 20, 14, 15]
[3, 5, 20, 14, 15]
[3, 5, 20, 11, 7, 14, 15]
[3, 22, 9, 11, 7, 14, 15]
[3, 22, 11, 7, 14, 15]
[3, 5, 20, 11, 9, 22, 14, 15]
[3, 5, 20, 11, 22, 14, 15]
[3, 22, 14, 15]
[3, 23, 14, 15]
[3, 5, 20, 11, 17, 14, 15]
[3, 22, 9, 11, 17, 14, 15]
[3, 22, 11, 17, 14, 15]
[3, 5, 20, 11, 14, 15]
[3, 22, 9, 11, 14, 15]
[3, 22, 11, 14, 15]
[3, 10, 14, 15]
[3, 5, 20, 11, 22, 9, 14, 15]
[3, 22, 9, 14, 15]
[3, 5, 20, 11, 9, 14, 15]
[3, 22, 11, 9, 14, 15]
[3, 5, 20, 11, 16, 14, 10]
[3, 22, 9, 11, 16, 14, 10]
[3, 22, 11, 16, 14, 10]
[3, 22, 9, 11, 20, 14, 10]
[3, 22, 11, 20, 14, 10]
[3, 5, 20, 14, 10]
[3, 5, 20, 11, 7, 14, 10]
[3, 22, 9, 11, 7, 14, 10]
[3, 22, 11, 7, 14, 10]
[3, 5, 20, 11, 9, 22, 14, 10]
[3, 5, 20, 11, 22, 14, 10]
[3, 22, 14, 10]
[3, 23, 14, 10]
[3, 5, 20, 11, 17, 14, 10]
[3, 22, 9, 11, 17, 14, 10]
[3, 22, 11, 17, 14, 10]
[3, 5, 20, 11, 14, 10]
[3, 22, 9, 11, 14, 10]
[3, 22, 11, 14, 10]
[3, 5, 20, 11, 22, 9, 14, 10]
[3, 22, 9, 14, 10]
[3, 5, 20, 11, 9, 14, 10]
[3, 22, 11, 9, 14, 10]
[3, 22, 14, 17, 11, 20, 5]
[3, 23, 14, 17, 11, 20, 5]
[3, 22, 9, 14, 17, 11, 20, 5]
[3, 23, 14, 22, 9, 11, 20, 5]
[3, 22, 9, 11, 20, 5]
[3, 22, 14, 9, 11, 20, 5]
[3, 23, 14, 9, 11, 20, 5]
[3, 22, 14, 7, 11, 20, 5]
[3, 23, 14, 7, 11, 20, 5]
[3, 22, 9, 14, 7, 11, 20, 5]
[3, 22, 14, 11, 20, 5]
[3, 23, 14, 11, 20, 5]
[3, 22, 9, 14, 11, 20, 5]
[3, 22, 14, 16, 11, 20, 5]
[3, 23, 14, 16, 11, 20, 5]
[3, 22, 9, 14, 16, 11, 20, 5]
[3, 23, 14, 9, 22, 11, 20, 5]
[3, 23, 14, 22, 11, 20, 5]
[3, 22, 11, 20, 5]
[3, 22, 9, 11, 16, 14, 20, 5]
[3, 22, 11, 16, 14, 20, 5]
[3, 22, 9, 11, 7, 14, 20, 5]
[3, 22, 11, 7, 14, 20, 5]
[3, 22, 14, 20, 5]
[3, 23, 14, 20, 5]
[3, 22, 9, 11, 17, 14, 20, 5]
[3, 22, 11, 17, 14, 20, 5]
[3, 22, 9, 11, 14, 20, 5]
[3, 22, 11, 14, 20, 5]
[3, 22, 9, 14, 20, 5]
[3, 22, 11, 9, 14, 20, 5]
[3, 23, 14, 20, 11, 9, 22]
[3, 23, 14, 17, 11, 9, 22]
[3, 23, 14, 7, 11, 9, 22]
[3, 23, 14, 11, 9, 22]
[3, 23, 14, 16, 11, 9, 22]
[3, 23, 14, 9, 22]
[3, 23, 14, 22]
[3, 23, 14, 20, 11, 22]
[3, 23, 14, 17, 11, 22]
[3, 23, 14, 9, 11, 22]
[3, 23, 14, 7, 11, 22]
[3, 23, 14, 11, 22]
[3, 23, 14, 16, 11, 22]
[11, 16, 14, 20]
[7, 14, 20, 11]
[9, 22, 14, 20, 11]
[11, 22, 14, 20]
[11, 17, 14, 20]
[11, 14, 20]
[9, 14, 20, 11, 22]
[9, 14, 20, 11]
[11, 16, 14, 17]
[7, 14, 17, 11]
[9, 22, 14, 17, 11]
[11, 22, 14, 17]
[11, 14, 17]
[9, 14, 17, 11, 22]
[9, 14, 17, 11]
[9, 11, 16, 14, 22]
[7, 14, 22, 9, 11]
[9, 11, 14, 22]
[9, 11, 22]
[9, 11, 16, 14]
[7, 14, 9, 11]
[9, 11, 22, 14]
[9, 11, 14]
[7, 11, 16, 14]
[7, 11, 22, 14]
[7, 11, 14]
[7, 11, 22, 9, 14]
[11, 16, 14]
[11, 22, 14]
[9, 14, 11, 22]
[11, 22, 14, 16]
[9, 14, 16, 11, 22]
[9, 22, 14]
