[2, 9, 10, 5]
[2, 9, 10]
[2, 9, 10, 12, 7]
[2, 9, 10, 6, 7]
[2, 9, 10, 7]
[1, 2, 9, 10]
[2, 9, 10, 6, 7, 12, 3]
[2, 9, 10, 7, 12, 3]
[2, 9, 10, 12, 3]
[2, 9, 10, 6, 7, 12]
[2, 9, 10, 7, 12]
[2, 9, 10, 12]
[2, 9, 10, 11]
[2, 9, 10, 4]
[2, 9, 10, 8]
[2, 9, 10, 13]
[2, 10, 5]
[2, 7, 12, 10, 5]
[2, 12, 10, 5]
[2, 3, 12, 10, 5]
[2, 13, 10, 5]
[2, 8, 10, 5]
[2, 4, 10, 5]
[2, 12, 7, 10, 5]
[2, 3, 12, 7, 10, 5]
[2, 7, 10, 5]
[1, 10, 5, 2]
[2, 11, 10, 5]
[2, 12, 7, 6, 10, 5]
[2, 3, 12, 7, 6, 10, 5]
[2, 7, 6, 10, 5]
[2, 7, 12, 10]
[2, 12, 10]
[2, 3, 12, 10]
[2, 13, 10]
[2, 8, 10]
[2, 4, 10]
[2, 12, 7, 10]
[2, 3, 12, 7, 10]
[2, 7, 10]
[1, 10, 2]
[2, 11, 10]
[2, 12, 7, 6, 10]
[2, 3, 12, 7, 6, 10]
[2, 7, 6, 10]
[2, 13, 10, 12, 7]
[2, 8, 10, 12, 7]
[2, 4, 10, 12, 7]
[1, 10, 12, 7, 2]
[2, 11, 10, 12, 7]
[2, 12, 7]
[2, 3, 12, 7]
[2, 12, 10, 6, 7]
[2, 3, 12, 10, 6, 7]
[2, 13, 10, 6, 7]
[2, 8, 10, 6, 7]
[2, 4, 10, 6, 7]
[1, 10, 6, 7, 2]
[2, 11, 10, 6, 7]
[2, 12, 10, 7]
[2, 3, 12, 10, 7]
[2, 13, 10, 7]
[2, 8, 10, 7]
[2, 4, 10, 7]
[1, 10, 7, 2]
[2, 11, 10, 7]
[1, 2, 12, 10]
[1, 2, 3, 12, 10]
[1, 2, 13, 10]
[1, 2, 8, 10]
[1, 2, 4, 10]
[1, 2, 12, 7, 10]
[1, 2, 3, 12, 7, 10]
[1, 2, 11, 10]
[1, 2, 12, 7, 6, 10]
[1, 2, 3, 12, 7, 6, 10]
[2, 13, 10, 6, 7, 12, 3]
[2, 8, 10, 6, 7, 12, 3]
[2, 4, 10, 6, 7, 12, 3]
[2, 11, 10, 6, 7, 12, 3]
[2, 13, 10, 7, 12, 3]
[2, 8, 10, 7, 12, 3]
[2, 4, 10, 7, 12, 3]
[2, 11, 10, 7, 12, 3]
[2, 13, 10, 12, 3]
[2, 8, 10, 12, 3]
[2, 4, 10, 12, 3]
[2, 11, 10, 12, 3]
[2, 12, 3]
[2, 13, 10, 6, 7, 12]
[2, 8, 10, 6, 7, 12]
[2, 4, 10, 6, 7, 12]
[2, 11, 10, 6, 7, 12]
[2, 13, 10, 7, 12]
[2, 8, 10, 7, 12]
[2, 4, 10, 7, 12]
[2, 11, 10, 7, 12]
[2, 13, 10, 12]
[2, 8, 10, 12]
[2, 4, 10, 12]
[2, 11, 10, 12]
[2, 13, 10, 11]
[2, 8, 10, 11]
[2, 4, 10, 11]
[2, 13, 10, 4]
[2, 8, 10, 4]
[2, 13, 10, 8]
[7, 10, 12]
[6, 10, 12, 7]
[6, 7, 10]
